4294967278,7
4294967278,6
4294967278,5
4294967278,4
4294967279,132
4294967279,131
4294967279,130
4294967279,129
4294967278,28
4294967278,27
4294967278,26
4294967278,25
4294967278,24
4294967278,23
4294967278,22
4294967278,21
4294967278,20
4294967278,19
4294967278,18
4294967278,17
4294967278,16
4294967278,15
4294967278,14
4294967278,13
4294967278,12
4294967278,11
4294967278,10
4294967278,9
4294967278,8
4294967279,308
4294967278,421
4294967279,289
4294967278,357
4294967279,235
4294967278,440
4294967279,167
4294967278,215
4294967279,166
4294967278,371
4294967279,165
4294967278,339
4294967279,164
4294967278,364
4294967278,296
4294967279,162
4294967278,414
4294967279,161
4294967279,306
4294967278,239
4294967279,329
4294967278,315
4294967279,564
4294967278,356
4294967279,359
4294967278,155
4294967279,315
4294967278,331
4294967278,2
4294967278,60
4294967278,59
4294967278,58
4294967278,57
4294967278,56
4294967278,55
4294967278,54
4294967278,53
4294967278,52
4294967278,51
4294967278,50
4294967278,49
4294967278,48
4294967278,47
4294967278,46
4294967278,45
4294967278,44
4294967278,43
4294967278,42
4294967278,39
4294967278,38
4294967278,37
4294967278,399
4294967278,35
4294967278,34
4294967278,33
4294967278,32
4294967278,31
4294967278,30
4294967278,282
4294967278,29
4294967278,437
4294967279,83
4294967279,82
4294967279,80
4294967279,79
4294967279,78
4294967279,77
4294967279,74
4294967279,73
4294967279,72
4294967279,70
4294967279,260
4294967278,41
4294967278,410
4294967279,572
4294967278,40
4294967278,397
4294967279,225
4294967279,151
4294967278,150
4294967279,150
4294967278,149
4294967279,149
4294967278,36
4294967279,364
4294967279,147
4294967279,377
4294967279,138
4294967279,375
4294967279,309
4294967279,544
4294967279,141
4294967279,304
4294967278,439
4294967279,318
4294967279,553
4294967278,438
4294967278,260
4294967279,301
4294967279,371
4294967279,551
4294967278,436
4294967279,133
4294967279,288
4294967279,287
4294967279,270
4294967279,268
4294967279,265
1513,6
4294967279,267
1513,5
1513,4
4294967279,266
1513,3
1513,2
1513,1
4294967279,370
4294967279,575
4294967279,383
4294967279,261
4294967279,259
4294967279,360
4294967279,258
4294967279,257
4294967279,522
4294967279,256
4294967279,255
4294967278,330
1511,4
4294967278,329
1511,3
1511,2
1511,1
4294967278,245
4294967278,327
4294967278,326
1510,4
4294967278,325
1510,3
1510,2
1510,1
4294967278,398
4294967278,255
4294967278,323
1509,4
4294967278,254
1509,3
1509,2
1509,1
4294967278,304
4294967278,253
4294967278,250
4294967278,248
4294967278,385
4294967278,246
4294967278,244
1507,4
4294967278,242
1507,3
1507,2
1507,1
4294967278,392
4294967294,1418
4294967278,240
4294967278,238
1506,4
4294967278,237
1506,3
1506,2
1506,1
4294967278,231
0,7
4294967294,468
4294967278,236
4294967294,912
4294967278,308
4294967278,232
4294967278,342
4294967278,415
4294967278,228
4294967278,251
4294967278,307
4294967278,224
4294967278,312
4294967294,392
4294967294,390
4294967294,389
4294967294,114
4294967278,396
4294967278,220
4294967278,426
4294967278,395
4294967278,216
4294967278,434
4294967294,439
4294967294,96
4294967294,94
4294967278,283
4294967278,213
4294967294,8
4294967278,401
4294967278,212
4294967278,435
4294967294,9
4294967278,211
4294967294,951
4294967294,53
4294967294,393
4294967294,45
4294967294,38
4294967294,37
4294967278,380
4294967294,93
4294967294,95
4294967279,69
4294967279,67
4294967279,64
4294967279,63
4294967279,62
4294967279,59
4294967279,57
4294967279,56
4294967279,55
4294967279,53
4294967279,50
4294967279,49
4294967279,48
4294967279,47
4294967279,46
4294967279,43
4294967279,41
4294967279,40
4294967279,39
4294967279,38
4294967279,37
4294967279,36
4294967279,35
4294967279,33
4294967279,32
4294967279,31
4294967279,30
4294967279,29
4294967279,27
4294967279,26
4294967279,24
4294967279,23
4294967279,22
4294967279,20
4294967279,19
4294967279,18
4294967279,17
4294967279,15
4294967279,13
4294967279,10
4294967279,9
4294967294,409
4294967294,395
4294967294,396
4294967294,420
4294967294,179
4294967294,178
4294967294,403
4294967294,406
4294967294,450
4294967278,210
4294967294,61
4294967294,904
4294967294,29
4294967294,0
4294967294,906
4294967294,186
4294967294,89
4294967278,409
4294967294,91
4294967294,90
4294967294,87
4294967294,86
4294967294,85
4294967294,84
4294967294,414
4294967294,952
4294967294,923
4294967294,28
4294967294,107
4294967278,324
4294967294,92
4294967294,88
4294967294,112
4294967294,46
4294967294,115
4294967294,165
4294967294,113
4294967294,167
4294967294,177
4294967294,30
4294967294,164
4294967294,97
4294967294,189
4294967294,80
4294967294,174
